# x,y
1.219940000000000052e-01,-8.331900000000000417e-02
1.201946666666666719e-01,-7.762966666666666626e-02
1.183953333333333524e-01,-7.194033333333332836e-02
1.165960000000000052e-01,-6.625100000000000433e-02
1.147966666666666857e-01,-6.056166666666666643e-02
1.129973333333333385e-01,-5.487233333333332852e-02
1.111980000000000052e-01,-4.918299999999999755e-02
1.072673530040273021e-01,-3.795326152708145689e-02
1.030089714802334133e-01,-2.796763664009203898e-02
9.845793375523959057e-02,-1.916225026711596002e-02
9.364931815566696072e-02,-1.147322733623736338e-02
8.861820300813674778e-02,-4.836692775540385458e-03
8.339966663927014801e-02,8.112284868907748692e-04
7.802878737568832990e-02,5.534411522971974251e-03
7.254064354401248971e-02,9.396731404619050251e-03
6.697031347086382369e-02,1.246206320374784217e-02
6.135287548286347259e-02,1.479428199227418583e-02
5.572340790663270205e-02,1.645726284211391707e-02
5.011698906879263893e-02,1.751488082518287345e-02
4.456869729596449337e-02,1.803101101339689427e-02
3.911361091476944774e-02,1.806952847867181536e-02
3.378680825182871217e-02,1.769430829292347948e-02
2.862336763376345516e-02,1.696922552806772247e-02
2.365836738719486604e-02,1.595815525602038015e-02
1.892688583874414451e-02,1.472497254869729530e-02
1.446400131503246256e-02,1.333355247801429853e-02
1.030479214268102163e-02,1.184777011588723436e-02
7.447730534060618274e-03,1.015796478563447958e-02
4.910713721379232968e-03,8.435040235906124048e-03
3.012554015443254934e-03,6.713985155949011956e-03
1.639897477329490790e-03,5.010084702884332920e-03
7.120498392512773864e-04,3.326273837951388649e-03
1.755492721019422651e-04,1.658703122065306301e-03
4.569580000000001418e-19,9.623511991092133720e-19
3.368831162251695235e-04,-2.112168765707644631e-03
1.390577553514379559e-03,-4.248382246664623822e-03
3.298329788476760463e-03,-6.421602631253922611e-03
6.315423402049350973e-03,-8.613610311356498586e-03
1.084777428137818564e-02,-1.073076674751381396e-02
1.745317853401165062e-02,-1.250777905382196784e-02
1.747472222222222482e-02,-1.230870370370370538e-02
2.122874400000000772e-02,-1.283366400000000504e-02
2.505314311111110637e-02,-1.329162829629629283e-02
2.894107022222222603e-02,-1.371733837037037405e-02
3.288567599999998869e-02,-1.414553599999999675e-02
3.688011111111111351e-02,-1.461096296296296448e-02
4.091752622222220859e-02,-1.514836103703703224e-02
4.499107200000000695e-02,-1.579247200000000184e-02
4.909389911111110977e-02,-1.657803762962963001e-02
5.321915822222221537e-02,-1.753979970370370123e-02
5.735999999999999432e-02,-1.871249999999999997e-02
6.150957511111110332e-02,-2.013088029629629683e-02
6.566103422222221986e-02,-2.182968237037036935e-02
6.980752800000000757e-02,-2.384364799999999507e-02
7.394220711111110234e-02,-2.620751896296295846e-02
7.805822222222222329e-02,-2.895603703703703014e-02
8.214872399999997854e-02,-3.212394399999998762e-02
8.620686311111110112e-02,-3.574598162962962233e-02
9.022579022222221301e-02,-3.985689170370369794e-02
9.419865600000000561e-02,-4.449141600000000585e-02
9.811861111111111478e-02,-4.968429629629630973e-02
1.019788062222222180e-01,-5.547027437037037323e-02
1.057723919999999929e-01,-6.188409200000000859e-02
1.094925191111111029e-01,-6.896049096296295866e-02
1.131323382222222118e-01,-7.673421303703702179e-02
1.166849999999999971e-01,-8.523999999999999633e-02
